0 40.4822 -3.81178 0 77.2456 -30.9102 2085.87
1 -37.0776 85.6956 0 77.2456 -30.9102 26666.7
2 -45.3198 -10.1028 0 77.2456 -30.9102 15455.2
3 31.5197 -73.0203 0 77.2456 -30.9102 3864.12
4 37.9512 -27.4589 0 77.2456 -30.9102 1555.97
5 -51.4894 -15.0803 0 77.2456 -30.9102 16823.3
6 -3.10982 -29.7225 0 77.2456 -30.9102 6458.41
7 25.543 -70.8936 0 77.2456 -30.9102 4271.83
8 -51.2103 -49.0202 0 77.2456 -30.9102 16828.9
9 43.8549 0.0196548 0 77.2456 -30.9102 2071.6
10 -13.5767 -57.6367 0 77.2456 -30.9102 8963
11 -4.97571 25.629 0 77.2456 -30.9102 9957.03
12 -1.84026 82.0572 0 77.2456 -30.9102 19016.2
13 -69.9872 -55.3297 0 77.2456 -30.9102 22273.8
14 -72.6469 -2.78615 0 77.2456 -30.9102 23258.7
15 -91.3249 -57.2996 0 77.2456 -30.9102 29112.4
16 -32.077 -92.2636 0 77.2456 -30.9102 15715.7
17 62.9675 -16.4815 0 77.2456 -30.9102 412.052
18 -3.56607 8.68677 0 77.2456 -30.9102 8098.45
19 0.714183 -75.7844 0 77.2456 -30.9102 7870.75
